75910
1263
159690
76337
131
3288
142231
103793
2981
3196
179961
180354
3693
3116
103391
93
181756
3560
122197
182927
99056
185462
193219
108897
103759
180305
147430
179789
909
143226
1643
143148
188714
28963
77658
150498
75930
180112
101004
109845
143078
126644
143758
75888
1524
26911
179020
158536
180025
182545
77652
77740
186309
132721
133457
139869
154858
103302
1799
72198
143900
77811
179782
179738
143926
157691
3132
149499
3028
1914
102691
143934
98900
102694
75674
123239
125644
118808
58803
160679
188966
72207
193184
1386
160338
138
108892
128671
182000
58772
99
103616
134725
179004
91839
143027
2660
144932
143522
186083
1547
149446
90692
55973
126704
1511
193182
139853
173764
432
143766
179215
182298
76089
121997
133454
10268
3302
103364
77685
77682
3684
103801
139872
12269
8006
179401
18137
8138
18132
173209
171398
1592
193153
4291
143035
102606
4456
4448
405
56001
103777
1972
126665
143285
2573
177
132725
120091
143925
186498
18038
179375
150176
40901
179546
116639
173687
187163
54236
1243
100777
182926
55559
23688
149466
193037
10383
57360
20772
193175
180225
119240
17860
185436
179402
221
192983
143320
58837
143311
43066
185477
176247
169515
475
18085
132314
103429
186712
182009
77778
27409
136753
30590
103776
181934
144280
43070
66308
3033
187704
77849
193074
182502
37523
133092
143645
193186
83764
173721
179790
102724
95968
143132
187010
100792
135480
1039
103754
162740
192976
87916
193006
167293
101032
76231
180169
149487
27429
186463
173730
73889
1278
143671
181781
13813
4206
142504
3157
77772
72088
113500
18140
189035
852
17803
179754
186564
179411
125936
149458
186896
83539
1036
143888
75709
181582
182442
4584
143521
143829
108872
77741
179775
185503
103634
160322
77784
4031
438
188490
77896
503
178936
130
4433
445
1801
17992
1294
173777
186562
45711
3070
193145
180636
143876
1775
60575
180078
75803
1216
1709
107606
191188
75519
143907
256
323
54075
38923
193079
348
179795
143838
962
102805
13965
179161
7499
180262
121915
26925
181507
143126
3238
187191
72197
179479
11456
143820
59729
181494
133453
38727
3300
180242
163684
98895
179788
102563
179869
181262
87846
100855
18123
103637
64767
179891
60741
153251
88675
1522
4738
75740
3158
1685
77737
193305
474
32239
34994
181907
462
179530
193044
178893
106
181732
102714
167429
489
134212
179822
128459
60858
179665
193215
114029
18167
180158
181484
163678
143631
100734
77770
150187
179959
160642
77897
15187
125645
3036
102227
130002
179695
133369
179806
150218
291
108003
193146
1454
101452
855
87666
103654
180069
103715
163627
193114
3100
143097
58845
180
60092
34751
185482
99059
75737
193072
47709
192993
143443
83174
387
126517
15317
431
121863
2571
89094
103497
173728
193221
619
143444
163691
73909
142781
149445
180621
179154
191856
181782
1548
181720
179760
2659
179766
103775
133543
192097
161258
64424
126238
181831
3260
77566
103694
143114
191315
185205
7995
48739
99080
181929
193055
1226
1510
180085
143168
126652
76239
108131
3368
1207
143045
179949
18125
2294
179549
153944
102886
103290
143121
49058
150181
26553
143087
143621
143091
178530
137213
181948
193138
26245
193289
57383
130727
133431
129837
187265
1317
997
1912
166885
181727
179803
1726
143737
179390
10355
179364
103011
2530
186485
457
1285
103710
179948
179663
3653
186453
163629
18126
78918
143120
103711
860
167933
181719
58842
187187
181459
143914
193133
181728
180168
182301
193272
58855
27400
48797
1956
75715
94402
133639
308
97950
181112
180151
143095
76591
75806
102688
143673
58854
98
179719
301
191330
103633
83749
150155
193264
862
126608
143872
180037
181099
11316
143399
77872
77675
77823
15905
118542
3163
74492
103530
126632
129785
165
5440
86
178521
102559
181753
179815
136993
560
130125
178837
143672
193285
94551
2964
54092
75774
102622
188909
163655
179805
159265
36109
127434
161052
77789
160651
1661
178469
1551
179876
16223
63911
75654
179294
193060
182422
102669
7
103745
160646
143875
186245
193118
3924
118715
181429
58820
103485
179954
193149
178951
181769
158526
4302
193250
4014
74009
158480
173790
17573
193104
60849
3131
193225
77992
4687
1043
188478
182051
3699
964
1538
1713
1083
143668
143061
180182
179823
58775
112
179667
77756
9896
17776
116987
95710
678
192141
1094
134827
1300
56726
91361
184323
126641
101453
77861
136126
101200
163633
3697
181529
77776
157067
4559
124968
53118
159693
179369
207
181508
193058
188911
71862
143861
179489
133395
654
188896
180583
192959
182352
1834
18104
458
181932
192093
27191
179057
136922
163639
133568
504
17504
3586
3544
159536
140081
173698
179960
190227
2566
8007
1753
163640
179723
102590
76159
3581
58828
191256
1221
77997
180630
169987
154303
179773
83905
294
193117
4263
74299
178576
149501
163646
180223
1312
4307
143106
77803
1545
188895
179400
30572
178855
322
3287
103314
94546
31839
32242
26708
179158
26277
10009
188484
103346
179770
76599
3101
54148
173757
193281
180042
77792
27270
75760
185480
192917
179895
132
73833
2247
114055
163699
3500
180180
143901
3266
77882
130337
179749
181072
1796
55328
77747
187264
49543
60793
1438
11210
60742
117550
143436
26857
142033
27396
181458
173655
178996
18254
149455
103767
58805
29794
173705
100937
2580
77996
2497
77779
179461
18200
178952
75801
1228
103012
181813
155435
60885
149450
101045
126670
124878
77609
181106
121806
101545
143397
98562
1822
179512
93737
132810
4752
2146
3018
1578
103580
109944
83757
134223
187889
103807
534
108164
4062
2974
154443
4570
77640
706
29786
188390
3413
203
975
75716
189086
2033
155401
99060
191319
193222
187104
163651
4547
178956
178937
18155
102570
2296
2951
160205
17978
75901
108091
143047
597
126700
178897
222
181271
184164
121829
181495
159170
100928
52782
11
193076
51715
26247
146474
51339
187358
223
193262
1163
18133
93939
179372
1299
23529
134467
193214
160351
138045
180064
143832
1319
186527
126691
180605
15885
49733
181906
179711
143523
1233
101812
149500
193015
173750
77891
219
27
185203
75735
18142
185476
18143
27222
142009
1325
188889
1833
180687
180635
1326
103812
103435
230
83255
143661
179278
77730
180396
44473
180265
179050
193078
23
75772
173740
182600
131059
155065
150169
672
60658
150518
179666
143827
1155
134872
163681
181576
154307
1289
43459
2947
126645
125
1457
494
182449
95370
75756
178950
182072
101634
149444
32238
17941
51722
179416
179761
143890
33075
143618
77763
143867
1902
181878
1215
1588
2522
184830
57964
103769
1776
73919
180237
97199
179966
3108
17827
87539
179481
4535
186244
143763
76680
185152
77988
27303
161915
180398
163623
1512
77276
58856
182956
103549
4388
139532
143931
193103
77851
173763
143432
143501
143197
186506
180353
100466
190
75781
5639
977
8026
31877
131066
103638
346
75631
3014
143060
77867
193176
179801
109205
180108
149452
193178
36118
143041
77864
179818
1222
193275
178896
130847
1805
2535
179473
192979
1458
143322
77668
186548
202
125629
1187
0
7954
143590
143935
179875
44302
186458
143129
77743
75843
143474
155449
530
72177
1260
86558
141890
2671
143167
160629
93587
133413
193201
60822
1543
179965
103815
176466
1724
181742
98716
77902
774
173707
163552
178603
173717
318
179535
149424
1759
143069
179894
143837
193069
24566
98893
67
138836
103679
126695
179366
179980
193088
179529
187877
143065
48009
143863
83596
180109
103816
17505
3056
1009
193001
75575
94134
168469
58823
103786
1784
58858
1218
4424
180163
189289
149456
5657
75809
129535
103733
143146
1149
103771
173726
163368
101437
180260
123975
28170
3671
3306
127265
149454
118740
182385
179748
55376
4085
193191
180041
186457
167925
77804
179654
27160
2219
124996
2572
5434
185154
1351
193235
4546
77641
4575
173720
15896
87861
109800
58804
1219
72031
17713
66309
4470
121967
193252
4863
77800
143068
18154
184757
187357
187321
103558
434
179159
158530
180672
48464
492
1835
112699
83856
3084
7996
3261
18877
124657
179969
179005
142349
49533
143842
149486
134
126520
131009
180632
38504
180049
179759
2553
143905
183395
143144
139816
106137
76634
77824
101427
160847
24
77991
184085
4555
178859
103796
166389
11720
77745
32198
119189
173751
193249
18105
101247
149976
78342
7961
143070
180167
103535
98899
3265
103573
139540
18159
167928
180329
209
27269
26893
187329
102609
1403
181488
149484
2945
5509
133414
37221
60598
8131
180119
143933
1582
182437
179847
77781
126634
100926
108650
159787
74054
1783
149472
139857
179491
149505
179743
112529
143292
149489
159264
181506
180283
93955
123156
179170
192994
146755
167932
133706
143936
103785
143044
10306
173405
73139
1184
18131
179817
132446
79901
47731
8115
173695
3692
77983
56117
159501
17774
103358
108048
107074
103478
974
101444
182302
77814
58781
2971
160346
182444
149536
143463
184753
181524
185496
102528
143782
56099
180304
181273
49373
180644
87892
17820
179566
18226
117851
182424
155856
181526
193136
56033
179952
193041
35774
136136
149479
73566
184756
10505
133
193218
1911
149471
180511
193173
133429
143116
77828
182045
126609
179905
155265
168647
3
139491
185143
179833
1096
121805
143755
206
164161
25
87921
77752
100848
179975
163294
73998
150150
8025
181787
159588
52
86272
77834
3269
851
23507
122560
41167
143613
53007
11562
26146
122
119814
326
187252
163685
49065
119222
130848
103344
44793
143476
26865
976
182003
123195
77739
253
18173
1831
840
150178
11869
181265
103542
70680
122583
157240
179955
1251
54133
103604
176531
126619
3129
159502
98179
77687
167648
143898
2934
181330
193034
125924
178853
160611
26966
1507
154664
388
180596
40973
192990
83254
149818
1076
158832
134849
1587
17565
130864
131070
163476
167753
179548
126703
179897
143609
1773
66580
179813
193111
141889
187154
131088
1159
143050
185148
178849
1271
181483
179511
143124
87856
193
10382
181525
77986
60712
150659
2
180311
3233
79323
3502
179213
113499
179690
77993
74452
5646
173758
192961
98781
150110
150017
24510
180153
77736
139873
103199
126689
76235
149493
179160
28266
143025
180060
193130
3122
103049
147104
893
103806
75683
103307
102695
1161
88694
3144
103390
74284
184694
187073
18118
1202
175258
98106
598
103784
173696
179492
180322
1514
179420
142047
60794
193226
60886
485
163698
75698
77728
17402
103790
77597
193105
1064
179669
1764
143581
180249
73385
100914
181761
101531
3035
77272
77990
193132
77777
101021
122372
46929
180243
180095
173773
180124
58841
17976
109027
193121
4482
149474
77899
193263
192011
161880
66561
4335
122363
3175
77812
77638
182338
4562
103750
75757
7751
169
143700
186400
143864
252
193049
163543
178942
139481
1569
143046
130855
186563
51797
48816
979
77844
461
3262
179651
173700
17831
177094
186533
103811
181588
46867
143487
161274
186246
101034
180079
44374
180648
126707
98005
167593
101203
77748
4037
143502
248
193029
179282
56119
179951
72106
123197
179757
48834
178944
886
130856
158528
149497
102712
178635
133565
77729
140333
15838
133559
182053
143839
140201
193170
179870
73880
178940
193144
131012
77855
24205
179419
77880
59724
182243
1580
182596
181141
18114
74056
193234
181
102722
128560
31717
77815
75675
1782
75641
3001
179697
75599
77674
187293
181527
77904
76601
143115
126631
1264
56018
87777
173745
1584
3141
123304
608
187705
143086
52532
181068
180015
143093
103363
127421
54485
179892
178995
76267
