223482727
140631744
235227736
223485226
37551461
206051279
231350796
226323031
206047764
206049432
363046817
425016005
206081855
206049342
226177576
36839785
515725410
206081694
228737394
604024046
224430066
702506567
4232860401
228300544
226321137
409363106
231985401
358242160
99776145
231753136
164221832
231664583
906291488
219846710
223782847
233293297
223484319
377821312
224439199
228304860
231658830
228885747
231753832
223482700
161081947
219480855
247136198
234930316
363396306
603557933
223782831
223916459
731223130
231263491
231265849
231288135
234825002
226177338
175464262
222568349
231761583
223921989
357841682
353282862
231761615
234928223
206049359
232088567
206048375
184870424
226137553
231761624
224314310
226137557
223357548
228763674
228858824
228616425
221685035
235232393
921812437
222568360
1259652707
160066432
235230311
38522983
228300538
229839650
542841847
221685003
37056567
226194457
231270620
247136182
224128370
231355698
203321142
231979904
231753543
730994434
161620490
232076572
224119372
221554316
228887620
160978299
1253287696
231288116
236757178
54582940
231753846
294097897
570715969
223484637
228735392
231265845
217331543
206051294
226177503
223789675
223789672
206081845
226323962
231288138
217372882
216872700
321386300
217604437
216896614
217604430
236747598
236673576
164130817
1120636072
206623392
231357660
226137022
206623610
206623601
54395173
221554478
226323013
188785868
228886546
231753207
202354381
39857169
231263495
228721660
231761614
732694267
217603517
304602764
233268476
220925786
333368184
228459192
236748722
771727162
221418957
137277095
224437549
604024045
221552044
218757091
232079592
727051781
217331827
221662966
218014790
1227909311
396824069
228629051
217599801
693648998
321388163
45569666
543612316_0
231753243
221685069
231753234
221073163
712501475
238096689
236506157
56629825
217603576
231262798
226179121
739717658
549073892
223918395
219481526
231277147
220179227
226323011
541741555
231977050
221073167
222408440
206048380
886354087
223926989
842001629
600101747
220817727
231264418
231753689
1272389403
224044530
236754256
358260819
226137786
224205672
231664192
753208457
224437566
231273675
114330275
226321132
235376721
523444808
224050935
633535899
236494734
226128965
223484915
389138218
232080842
219481559
732692091
236754267
222583780
140633066
231753725
521392016
217381640
206623291
231351096
206049385
223918093
222567624
228335973
217604441
925422975
98531486
217599714
355399007
737932192
323359651
228868297
232079314
745423662
224042138
114293519
231761568
223357809
498346834
600101677
209692614
231753542
231761493
228300495
223916460
357821823
724819953
226194508
235230295
223918404
206082297
54905013
900142658
223929018
68304006
239631181
37551460
206623584
55359073
175951561
217603469
140676018
236757204
737535087
221141243
206048425
1092523983
439990278
231761553
173829580
221920090
367894552
223482581
131284134
166910697
228243716
1011415473
222709246
231761591
51456297
53057484
221410824
220911650
856860480
53608649
358272089
231761502
103052783
226140118
217384945
264999617
216542569
397032027
228735290
219480869
492881129
231664179
206051227
776350366
222568348
331281878
217363110
231761484
221905382
492680045
231265843
220820976
206051291
397007192
235386603
224314305
358232880
226135996
360929650
465316083
224050863
224437630
217604420
226194515
222163307
362653691
221921455
233323139
224052294
161077145
210669574
223363054
206049386
164659864
223915545
68464355842
56629742
220550080
220793567
541644904
56169465
333212849
750495754
238331436
37058522
514008279
226137582
236495501
60847148
231268993
359931171
229721927
221922046
338426008
3011903197
228410220
217604490
389138206
491650384
235386596
231753675
224437506
223918089
233268496
363046815
235232356
223929019
217499163
228858825
206048384
226134199
229846333
343303981
231265327
359240342
233269021
51954367
228291820
1098767448
160263613
226129447
98531503
224050676
226194575
367742292
226306332
235384833
968741684
206049325
231658859
221685077
39904824
221906470
220792844
715185636
224430069
223363048
836061502
221155046
589891570
231753457
224037679
54145932
228871287
217499294
54582938
228732875
202353909
224055442
226181138
236754263
5087520837
85688001
231753458
235386612
222583801
231351618
232076569
439990245
262791498
1068926823
521395914
161620491
512691014
356426043
203296521
357283830
226323009
231266942
1113250554
235233065
222161415
228870126
528902241
206051251
223594077
226306309
231663376
1038156957
693629595
216872689
221201225
224430117
541741550
782796871
136571516
160978297
368560865
231753049
228886518
223484995
228294281
206081448
118979624
231361927
363036783
217604422
194235067
333369579
233324914
226140203
226177314
231664158
221202845
233268481
219473795
231658843
231753664
231658851
238141878
231278961
542346543
1042734531
219471249
51794894763
221662995
229907474
231265788
229845992
818056094
148409880
114000588
184870422
236494235
513506764
358980426
169634344
231753805
311208340
217331795
300419619
226140383
197078895
732692113
56166597
140675988
226306327
363036782
338073584
206081812
732680372
235384835
217604423
224017454
231664155
226306328
98531533
236497793
512681243
221685074
772079496
485763096
231761599
1027213344
513713556
389138217
570715973
48851909728
221685089
219481515
221201673
185400434
223362691
224177184
231267047
52201947
224296165
457843400
389138199
231658857
223485667
223482584
226137127
231753727
221685088
37056442
349688508
52141795
1047737986
226194506
224044515
233268454
20110739153
98531547
228885705
231761547
364225383
456138164
217361000
231753366
223927929
223782874
223926935
217585776
228614198
206049393
222586904
226182726
228885731
229845914
38699897
215489691
35824879
238141869
226135992
515323163
359874047
231278476
81048687
229846522
238213604
231753726
50210880691
224177422
206047744
221410841
223480003
226137041
913478137
235385510
358980801
234931905
220804722
228917042
235232776
223920790
235232365
164258069
238141817
161622953
360950564
217588740
222154815
223319584
296726068
797539296
600009043
226137105
25123756
226306753
235232360
231761552
730994611
980999301
206082174
228614554
478360815
221685052
226181117
363036788
1108136676
240874271
519452777
234930306
206623404
14813895518
206082277
222585586
234930251
236777599
217598750
938112270
221922036
206049358
5319398172
223937033
210667460
114331609
899066634
564799737
206081861
107124282
161503487
166911086
115576722
231753721
231658296
390365296
359931172
221685007
37058939
338467042
223916480
217270709
217599685
228534972
224194231
89379983
1123129665
115577520
231270727
144481646
221558291
224124567
620164239
228885742
226129448
223927915
231276212
226129159
235384839
206081859
496469763
223918393
234837359
206624503
228850851
221404959
235227739
302922593
41702870
492881131
791635595_1
913482328
222566384
231761535
331329384
231265745
85767167
912304546
436966882
395994236_0
595929414
184253615
217604399
56166598
541741553
1111214613
219481153
261158780
231278403
235384847
231266970
68665991
217596678
206081737
206081661
234934666
231288754
236754230
363046816
974152859
201319546
216872701
171729607
235384851
351004141
226136039
223484729
206081731
221685060
1021229275
136014122
223937043
439990266
236506707
233927968
357542683
224045687
51969310
977934793
206623356
222586396
238146575
232088570
235385493
396819724
144845184
206623409
231663364
223920826
161615722
911421904
321087127
220179204
238327133
52840016
206051278
226177359
224177405
220549150
220550086
219474304
263988788
219471297
217325945
899604576
226177451
357527945
223485676
206049326
221410909
236755661
49855692409
364421503
223920793
219481277
223479986
712525750
1249388807
362819087
37551462
222583187
194228673
228410450
235387607
206081609
390099393
231761584
206051257
223928485
229847372
353740675
450278373
175459751
221421642
223916469
817347762
221206105
221921968
160262933
217360877
221921456
228542459
231753446
219479255
231349823
219481511
485410348
236748644
244113478
217697022
232078063
226321146
221685037
220080532
236754237
224437716
203176926
223937042
194421327
223918396
328700549
217606437
240874277
223482579
136571988
226140384
522001674
234829241
221922097
232076579
226128980
228886553
228850731
223782757
457119602
228732766
226129562
231753361
224307250
180162812
332956733
224144873
231263588
210669591
189460316
206048364
162041792
226194064
228306652
224044523
231269004
893874615
226324185
77303389
228294315
206082347
206047754
234807088
206858876
223782793
94026095
220080520
898253746
206081502
41293310
110176007
223362692
934132686
189283346
234829200
224430070
1040061784
5186234425_0
767396228
235385503
206624476
241729443
239631200
217604464
226136005
194235069
206047730
235230176
217603453
223482717
228294237
231361931
85632060
228887615
238331440
48787445
465967435
616374447
228732815
492680047
234931731
224437706
221357249
25985380
847945076
221294719
219471251
231982673
221293945
860243399
48788081
19916749417
117861647
217604432
224145883
303694417
144481645
218756865
231270344
3007254459
235230324
231280515
367575556
231761496
148411844
733046872
228886607
439990194
217511571
221251912
541644903
348719577
231753546
136576634
226133405
232088568
659807826
236755638
223928496
44598313
30529027
693629593
223363043
217604444
712401115
217604445
219481190
231349205
148414092
910735475
184253480
445120464
439990276
150165124
226324738
226179148
49533039
224037762
231753705
295759253
223883437
431441128
221081462
397032030
257169352
853888646
27183159
223480001
236755627
603557994
229911138
234828354
233268469
86579915
221921199
233293329
338465965
231761491
117752670
231270774
235386599
497330506
234053104
140676007
221076217
206047340
228885748
37546711
160311199
66811710
600101690
224188100
223423538
240874270
568043371
226132856
232076568
220550079
217600095
221294726
324652704
356674134
231761571
220643264
231753661
223917718
231761542
184674459
537030539
128369624
164129842
197076799
684899516
221679312
226321730
174333391
222583811
397007187
224207056
363046830
206049334
217599740
224050534
331281880
206624024
730994610
231753841
223486021
688968886
223937028
219481316
235373023
431441141
235383122
160980421
223486980
221685090
605034865
226182747
206623512
231287090
231761620
935062436
223927903
236757176
231753434
231753519
231753078
732788410
424803422
224436893
39944897
223480272
215885453
111653158
216872738
220549207
229911160
226194517
53588546
222834382
206048359
231658294
223927921
1231077987
358977678
228302583
375498999
232078051
1237415342
220804731
231359965
223927918
359884433
136050292
49040708429_1
238331439
229908272
177046971
198873347
330741722
532084590
160311202
231753245
223782864
737174135
41292345
228858808
118401148
4712871
216872643
231753631
231761625
360950561
221081289
732680377
231664185
223916465
223482651
231753492
234830433
76345229
222568326
140628857
224049052
231348913
203846728
231753048
235232342
224144186
231265768
1456031865
221922002
161613927
363046829
226324741
238096985
169508513
514907271
224310540
223929030
97843686
236754239
235382893
238146605
236754251
52781661
333363885
232049945
172866245
231658305
362807971
231761501
824193375
218810211
224313021
34151528
231282504
226198130
228887609
300848502
363197080
886615856
333212253
893842128
231658300
221155716
231761537
224042568
375499130
226324742
217596684
206048407
114000608
616061908
222830381
224157294
236503887
221685055
226323022
174393227
221685092
132923920
206623574
389138212
941515692
232079312
215885495
223482588
229841212
226306357
231664580
117752664
226321732
236754261
235382453
226129431
397027076
228764961
219720642
206081831
206051299
228916803
232078059
228616327
599920016
353739467
221421691
206082374
1294688740
364248509
732680376
236497785
223920833
338073573
219481115
190977173
228855111
202353910
215489683
688969801
157314499
11234249596
206624474
223782794
206883226
236754255
217511587
224050880
228304741
221685036
132924542
222567565
217599606
222408441
206623627
228735351
15595554034
212809360
223920814
231658304
217604463
667932174
860241525
841013591
226182759
54582951
264409336
234930310
443633407
221200451
61958423
184253774
228333232
224045637
206048442
216872690
206051252
217698976
228779142
363193927
247136183
231350915
221206077
231761506
232080841
37585127
228871290
229910929
439990270
220820747
365611011
356426042
201041425
231761588
615156246
231664575
231287950
228018346
223485729
223926936
226129421
235232561
27183184
223937032
616359736
206624498
238331399
226323034
236491749
217369947
223916467
220550037
228628986
236755639
14772302678
217604400
226129218
232393319
224012539
216872653
231658306
389138216
226182733
224314309
206051256
226194054
231287108
217604471
236497788
417330429
41842296
219481276
219480837
845572942
226137025
160192146
491975466
232080839
206047338
215674691
231265769
220817010
221921023
216872924
382166336
231761623
162041805
600101672
360589221
223918398
228885733
224437704
228299642
235228212
222585631
174393226
232080287
231288120
331422722
232088575
353499566
228332452
231753214
232080844
234931904
492872289
400494145
224145906
228744676
272966893
592794970
231984712
236497792
231268306
231764919
226323021
231361925
217331659
236747852
222580851
118401143
217604429
359884265
231262936
224023274
221155080
216872895
236754227
206081854
223937023
221554615
234934618
217599681
226177486
228292138
228241854
226181110
110176004
226129438
570715974
223921992
221685013
206047751
235230319
600101679
232392315
231753478
663022258
496468682
722840559
226135959
231753865
221554596
409362334
467061006
221205221
439990295
224050911
217599731
334113673
217606464
228547531
600009045
234833235
496468684
1036525378
221554511
363036786
741701968
220803385
231276222
232080299
222582552
667535407
217332011
37585125
3785153943_1
184798620
232079821
432313068
1221574542
231265785
231663378
223926951
563610313
228885706
362997557
234828560
236504260
13866261
231287038
686348108
360389739
115663027
228732764
231753828
41293315
235923826
27183365
224050940
223916475
224437623
363197071
235379793
222585575
233268449
216872737
521685469
234934726
31321306
224048698
223926973
206051260
98531485
218748562
228740008
220931406
231753656
221404139
217365109
219471149
37401287
228709384
53192725
795391734
235386604
221202852
228629022
229908273
226177449
221085500
231753494
219479263
111557287
544646570
228744815
223916458
50786462
217606405
184237077
98069764
233268478
217370283
465800532
226182740
222561341
228740044
234837533
363036789
140498226
221410889
226194098
238097099
228885718
206049356
234934619
224302006
223789677
236495756
231761581
206047326
474111247
718268899
228868280
238327131
235232324
219480911
160953899
234824777
54203235
437804554
220925860
578290836
224037761
232393033
115042822
234930703
231270751
163129028
217598739
229908296
229911181
235382682
236497600
333369577
228887619
362819089
231753651
173829578
222409237
359874045
959548601
231348912
771695530
229911258
117861643
231361934
686781397
238327122
140631796
491650383
332956732
231664175
224050874
39944917
217331826
496468683
223937026
221921419
233295437
12903132
411896990
206051222
224018701
206081611
293912693
228335972
341922864
223937034
222586864
215885471
236755663
404255260
224310609
233268401
232393363
218810116
389138201
223915543
231288139
226141990
228886601
223484924
232080848
264999536
219726335
231355696
367359273
1017902175
206049349
226140455
231985069
99074107
226324184
223357557
226177347
226137558
117861645
224052319
206049371
226177574
222586380
639752637
764642522
217604414
118723273
238091936
224301061
85632064
226323020
236754228
331422723
414541684
160981530
325094293
231350598
221921969
6626627882
221922098
60116521
235387606
223357796
223883435
217596241
226323028
223782743
941170468
114913789
338928171
172966384
231753620
397021768
222581871
224437692
517508366
226129546
206048383
223486976
223937030
1024109589
223918394
226038331
228737972
221147751
397009114
370666250
236757193
383564793
221685073
217603451
228301138
990199767
206623639
232080290
223929021
19965094986
1103355589
235372957
222409208
206623443
228737963
206049405
223921990
223782790
586455297
206625011
226306761
223479702
216579611
39706535
231753758
731238737
231761539
50783778
765168287
235382875
239830837
231287028
161907007
231361929
229908285
737535492
221295297
221201692
111769107
223926983
56168455
206051253
338073570
236754232
217599744
238106170
733049550
226324737
502151734
221147689
231753505
235233089
730994612
226128967
367894553
221081361
440107703
228887625
224299557
236495673
226129162
223916470
206082303
231753521
50321778
703641304
295930604
221554617
363036785
222567643
228744819
356426040
221201710
239939829
98568677
229908287
234930308
232088564
226137577
238146637
231266967
223883436
231289345
217511521
231266960
565175758
231761503
231289042
1212076264
360929651
222583771
239818111
1089408288
229910939
223927909
218770568
324896617
223928482
221905377
570544441
162041797
603557989
460348213
217604410
222585633
11067966154
39904828
226137784
229839476
220549028
223921993
223357549
174393225
223166843
206048346
344582817
222834345
223782873
827069612
496468686
223929032
223485678
231663377
228885730
140631753
221554496
224050792
236755633
162041807
206049368
228763811
85632127
886354088
231658840
221302831
450041361
363391798
231658854
226177500
228917025
221419398
362653692
244113407
223485025
