52201947
76345229
136571516
160192932
160311962
161077145
184674458
184674459
194228673
194235067
194235069
224205672
224207056
228732764
228732766
228732815
228732875
228735260
228735290
228735340
228735351
228735392
228735399
228737394
228737963
228737972
228741080
228763674
228763734
228763811
228764043
228764961
228779140
228779142
228850716
228850731
228850851
228852746
228855105
228856756
228858824
228868280
228871287
229847372
229905477
229910929
229910939
229911083
229911138
229911160
229911174
